,Id,SalePrice
0,1461,122902.0
1,1462,159174.0
2,1463,186851.0
3,1464,199936.0
4,1465,187877.0
5,1466,174185.0
6,1467,176948.0
7,1468,164754.0
8,1469,191685.0
9,1470,123585.0
10,1471,189185.0
11,1472,95469.0
12,1473,95947.0
13,1474,147251.0
14,1475,114317.0
15,1476,366093.0
16,1477,250881.0
17,1478,285576.0
18,1479,288297.0
19,1480,515740.0
20,1481,325533.0
21,1482,206564.0
22,1483,174277.0
23,1484,162449.0
24,1485,183815.0
25,1486,194012.0
26,1487,334943.0
27,1488,243643.0
28,1489,200310.0
29,1490,236279.0
30,1491,191513.0
31,1492,93246.0
32,1493,187267.0
33,1494,290197.0
34,1495,286324.0
35,1496,241197.0
36,1497,182583.0
37,1498,163910.0
38,1499,160709.0
39,1500,157004.0
40,1501,176175.0
41,1502,143571.0
42,1503,304377.0
43,1504,240542.0
44,1505,226700.0
45,1506,187809.0
46,1507,254392.0
47,1508,201127.0
48,1509,159721.0
49,1510,146633.0
50,1511,146504.0
51,1512,172484.0
52,1513,149722.0
53,1514,161800.0
54,1515,189145.0
55,1516,150763.0
56,1517,166277.0
57,1518,129332.0
58,1519,218179.0
59,1520,132219.0
60,1521,136945.0
61,1522,174715.0
62,1523,114679.0
63,1524,126796.0
64,1525,125044.0
65,1526,114064.0
66,1527,102721.0
67,1528,137000.0
68,1529,152715.0
69,1530,181561.0
70,1531,96258.0
71,1532,93960.0
72,1533,146218.0
73,1534,121172.0
74,1535,149496.0
75,1536,106953.0
76,1537,61686.0
77,1538,159679.0
78,1539,188635.0
79,1540,91217.0
80,1541,143006.0
81,1542,141068.0
82,1543,197054.0
83,1544,84065.0
84,1545,112371.0
85,1546,130230.0
86,1547,133309.0
87,1548,138387.0
88,1549,117872.0
89,1550,136095.0
90,1551,108503.0
91,1552,141308.0
92,1553,154723.0
93,1554,120262.0
94,1555,165793.0
95,1556,81659.0
96,1557,102258.0
97,1558,95317.0
98,1559,80007.0
99,1560,127566.0
100,1561,138637.0
101,1562,130490.0
102,1563,124435.0
103,1564,153979.0
104,1565,150124.0
105,1566,243354.0
106,1567,76532.0
107,1568,231892.0
108,1569,132453.0
109,1570,137938.0
110,1571,116184.0
111,1572,145697.0
112,1573,239045.0
113,1574,121853.0
114,1575,230916.0
115,1576,249411.0
116,1577,187950.0
117,1578,141416.0
118,1579,144954.0
119,1580,190958.0
120,1581,155037.0
121,1582,126592.0
122,1583,310583.0
123,1584,222953.0
124,1585,138643.0
125,1586,62459.0
126,1587,98637.0
127,1588,154204.0
128,1589,99362.0
129,1590,134343.0
130,1591,93232.0
131,1592,117611.0
132,1593,124682.0
133,1594,134030.0
134,1595,106885.0
135,1596,231867.0
136,1597,192843.0
137,1598,213270.0
138,1599,166453.0
139,1600,162737.0
140,1601,62472.0
141,1602,114384.0
142,1603,85557.0
143,1604,265311.0
144,1605,244090.0
145,1606,169967.0
146,1607,169430.0
147,1608,216113.0
148,1609,186428.0
149,1610,152682.0
150,1611,138623.0
151,1612,170200.0
152,1613,168212.0
153,1614,125606.0
154,1615,88493.0
155,1616,76048.0
156,1617,90857.0
157,1618,126849.0
158,1619,142160.0
159,1620,164626.0
160,1621,135929.0
161,1622,140514.0
162,1623,276791.0
163,1624,211933.0
164,1625,120941.0
165,1626,167708.0
166,1627,192799.0
167,1628,279241.0
168,1629,179383.0
169,1630,351548.0
170,1631,219167.0
171,1632,235219.0
172,1633,171718.0
173,1634,186722.0
174,1635,175092.0
175,1636,152539.0
176,1637,205856.0
177,1638,184671.0
178,1639,185210.0
179,1640,257476.0
180,1641,180253.0
181,1642,235774.0
182,1643,217704.0
183,1644,233542.0
184,1645,201194.0
185,1646,161831.0
186,1647,161187.0
187,1648,129345.0
188,1649,140952.0
189,1650,113910.0
190,1651,123388.0
191,1652,96645.0
192,1653,98889.0
193,1654,144759.0
194,1655,141299.0
195,1656,142917.0
196,1657,148481.0
197,1658,143795.0
198,1659,124855.0
199,1660,155598.0
200,1661,457293.0
201,1662,409557.0
202,1663,384951.0
203,1664,519259.0
204,1665,309848.0
205,1666,326272.0
206,1667,387326.0
207,1668,333187.0
208,1669,298458.0
209,1670,342345.0
210,1671,258397.0
211,1672,465454.0
212,1673,293250.0
213,1674,242827.0
214,1675,191887.0
215,1676,192490.0
216,1677,221370.0
217,1678,492110.0
218,1679,396771.0
219,1680,339083.0
220,1681,249177.0
221,1682,305839.0
222,1683,178661.0
223,1684,170502.0
224,1685,170933.0
225,1686,167901.0
226,1687,167402.0
227,1688,187363.0
228,1689,195103.0
229,1690,192086.0
230,1691,182009.0
231,1692,264319.0
232,1693,165093.0
233,1694,182418.0
234,1695,164284.0
235,1696,272426.0
236,1697,170351.0
237,1698,351110.0
238,1699,308629.0
239,1700,248555.0
240,1701,269656.0
241,1702,250157.0
242,1703,249375.0
243,1704,283339.0
244,1705,237264.0
245,1706,441524.0
246,1707,218776.0
247,1708,207763.0
248,1709,268778.0
249,1710,219365.0
250,1711,268850.0
251,1712,265001.0
252,1713,272652.0
253,1714,222864.0
254,1715,206043.0
255,1716,183207.0
256,1717,171228.0
257,1718,134994.0
258,1719,202329.0
259,1720,237527.0
260,1721,163800.0
261,1722,126074.0
262,1723,157424.0
263,1724,211450.0
264,1725,238209.0
265,1726,182480.0
266,1727,156752.0
267,1728,170143.0
268,1729,166575.0
269,1730,158702.0
270,1731,122591.0
271,1732,129906.0
272,1733,119016.0
273,1734,125935.0
274,1735,126209.0
275,1736,113474.0
276,1737,310525.0
277,1738,237876.0
278,1739,256001.0
279,1740,225087.0
280,1741,194395.0
281,1742,172699.0
282,1743,172505.0
283,1744,322652.0
284,1745,217504.0
285,1746,179313.0
286,1747,215038.0
287,1748,225542.0
288,1749,148839.0
289,1750,128130.0
290,1751,241662.0
291,1752,120653.0
292,1753,148237.0
293,1754,196608.0
294,1755,170629.0
295,1756,130773.0
296,1757,122961.0
297,1758,143463.0
298,1759,158146.0
299,1760,165888.0
300,1761,144022.0
301,1762,184441.0
302,1763,173409.0
303,1764,115895.0
304,1765,156825.0
305,1766,181340.0
306,1767,222770.0
307,1768,143640.0
308,1769,173142.0
309,1770,150095.0
310,1771,127310.0
311,1772,134238.0
312,1773,130682.0
313,1774,140795.0
314,1775,140083.0
315,1776,123431.0
316,1777,110887.0
317,1778,137472.0
318,1779,119181.0
319,1780,174929.0
320,1781,127518.0
321,1782,91525.0
322,1783,144242.0
323,1784,112074.0
324,1785,121330.0
325,1786,134663.0
326,1787,159902.0
327,1788,55860.0
328,1789,94138.0
329,1790,76042.0
330,1791,180079.0
331,1792,163308.0
332,1793,126913.0
333,1794,151443.0
334,1795,135188.0
335,1796,127329.0
336,1797,114734.0
337,1798,123332.0
338,1799,112902.0
339,1800,129078.0
340,1801,128355.0
341,1802,124968.0
342,1803,145556.0
343,1804,139165.0
344,1805,134854.0
345,1806,124052.0
346,1807,126583.0
347,1808,121112.0
348,1809,122396.0
349,1810,145548.0
350,1811,96460.0
351,1812,95356.0
352,1813,125155.0
353,1814,95006.0
354,1815,55457.0
355,1816,96821.0
356,1817,108426.0
357,1818,145250.0
358,1819,127036.0
359,1820,60039.0
360,1821,106085.0
361,1822,149092.0
362,1823,49076.0
363,1824,129146.0
364,1825,142380.0
365,1826,102983.0
366,1827,98790.0
367,1828,135103.0
368,1829,117954.0
369,1830,147871.0
370,1831,145963.0
371,1832,75417.0
372,1833,139361.0
373,1834,119831.0
374,1835,126300.0
375,1836,128035.0
376,1837,85401.0
377,1838,126326.0
378,1839,92831.0
379,1840,162191.0
380,1841,148555.0
381,1842,88299.0
382,1843,131960.0
383,1844,136308.0
384,1845,143529.0
385,1846,154780.0
386,1847,162346.0
387,1848,51701.0
388,1849,107286.0
389,1850,117676.0
390,1851,151166.0
391,1852,121895.0
392,1853,130968.0
393,1854,171523.0
394,1855,144293.0
395,1856,219530.0
396,1857,144614.0
397,1858,140122.0
398,1859,117081.0
399,1860,149420.0
400,1861,117043.0
401,1862,313933.0
402,1863,297602.0
403,1864,298150.0
404,1865,343930.0
405,1866,335925.0
406,1867,231127.0
407,1868,297426.0
408,1869,203612.0
409,1870,227928.0
410,1871,253327.0
411,1872,170195.0
412,1873,236983.0
413,1874,147393.0
414,1875,198474.0
415,1876,200043.0
416,1877,209210.0
417,1878,207769.0
418,1879,130605.0
419,1880,134568.0
420,1881,237794.0
421,1882,249474.0
422,1883,186019.0
423,1884,207106.0
424,1885,244602.0
425,1886,293921.0
426,1887,210574.0
427,1888,273807.0
428,1889,163675.0
429,1890,120058.0
430,1891,131858.0
431,1892,99788.0
432,1893,129794.0
433,1894,126802.0
434,1895,136083.0
435,1896,125403.0
436,1897,113482.0
437,1898,116043.0
438,1899,152643.0
439,1900,150717.0
440,1901,170183.0
441,1902,148811.0
442,1903,212846.0
443,1904,148305.0
444,1905,199314.0
445,1906,158708.0
446,1907,204405.0
447,1908,111512.0
448,1909,129566.0
449,1910,117970.0
450,1911,217566.0
451,1912,319543.0
452,1913,143381.0
453,1914,67615.0
454,1915,319803.0
455,1916,60243.0
456,1917,250295.0
457,1918,141730.0
458,1919,171115.0
459,1920,150846.0
460,1921,407283.0
461,1922,318801.0
462,1923,221858.0
463,1924,230278.0
464,1925,191558.0
465,1926,399180.0
466,1927,133126.0
467,1928,156748.0
468,1929,128413.0
469,1930,130602.0
470,1931,140895.0
471,1932,137411.0
472,1933,187549.0
473,1934,182921.0
474,1935,170979.0
475,1936,195781.0
476,1937,182845.0
477,1938,172660.0
478,1939,236121.0
479,1940,185529.0
480,1941,172616.0
481,1942,182698.0
482,1943,208901.0
483,1944,374167.0
484,1945,399062.0
485,1946,139745.0
486,1947,324902.0
487,1948,181293.0
488,1949,244399.0
489,1950,187391.0
490,1951,243070.0
491,1952,208159.0
492,1953,170374.0
493,1954,182315.0
494,1955,132224.0
495,1956,310029.0
496,1957,157447.0
497,1958,311389.0
498,1959,141284.0
499,1960,113947.0
500,1961,123218.0
501,1962,96565.0
502,1963,106556.0
503,1964,110651.0
504,1965,144624.0
505,1966,138677.0
506,1967,293582.0
507,1968,435729.0
508,1969,396670.0
509,1970,446454.0
510,1971,480525.0
511,1972,385657.0
512,1973,257044.0
513,1974,330022.0
514,1975,532652.0
515,1976,268195.0
516,1977,355428.0
517,1978,363554.0
518,1979,331280.0
519,1980,201574.0
520,1981,353736.0
521,1982,221188.0
522,1983,204328.0
523,1984,166532.0
524,1985,225803.0
525,1986,210685.0
526,1987,180957.0
527,1988,175466.0
528,1989,190667.0
529,1990,211453.0
530,1991,234096.0
531,1992,217769.0
532,1993,166649.0
533,1994,236846.0
534,1995,185292.0
535,1996,247292.0
536,1997,307696.0
537,1998,325413.0
538,1999,265707.0
539,2000,315839.0
540,2001,271959.0
541,2002,246915.0
542,2003,264194.0
543,2004,288867.0
544,2005,220644.0
545,2006,226732.0
546,2007,247752.0
547,2008,222520.0
548,2009,196196.0
549,2010,190495.0
550,2011,141564.0
551,2012,171377.0
552,2013,178071.0
553,2014,184122.0
554,2015,201845.0
555,2016,190644.0
556,2017,193090.0
557,2018,120985.0
558,2019,137718.0
559,2020,106889.0
560,2021,103052.0
561,2022,186081.0
562,2023,143863.0
563,2024,258970.0
564,2025,356491.0
565,2026,174185.0
566,2027,158759.0
567,2028,149436.0
568,2029,171072.0
569,2030,268158.0
570,2031,238168.0
571,2032,254324.0
572,2033,257894.0
573,2034,169749.0
574,2035,225425.0
575,2036,196867.0
576,2037,202359.0
577,2038,310726.0
578,2039,229380.0
579,2040,292149.0
580,2041,298550.0
581,2042,206685.0
582,2043,177520.0
583,2044,175531.0
584,2045,213866.0
585,2046,142571.0
586,2047,144947.0
587,2048,140903.0
588,2049,138076.0
589,2050,173776.0
590,2051,106498.0
591,2052,124621.0
592,2053,146015.0
593,2054,89025.0
594,2055,156085.0
595,2056,141107.0
596,2057,113315.0
597,2058,217261.0
598,2059,132609.0
599,2060,175015.0
600,2061,174676.0
601,2062,131421.0
602,2063,117501.0
603,2064,142092.0
604,2065,117852.0
605,2066,158583.0
606,2067,112827.0
607,2068,141949.0
608,2069,89180.0
609,2070,116248.0
610,2071,93541.0
611,2072,130758.0
612,2073,133746.0
613,2074,183956.0
614,2075,147307.0
615,2076,119037.0
616,2077,157759.0
617,2078,129933.0
618,2079,131631.0
619,2080,119198.0
620,2081,126273.0
621,2082,122753.0
622,2083,144943.0
623,2084,112047.0
624,2085,119967.0
625,2086,115666.0
626,2087,123043.0
627,2088,96930.0
628,2089,76938.0
629,2090,124086.0
630,2091,114716.0
631,2092,124529.0
632,2093,116645.0
633,2094,107588.0
634,2095,148050.0
635,2096,76001.0
636,2097,97482.0
637,2098,148057.0
638,2099,52029.0
639,2100,69895.0
640,2101,117535.0
641,2102,122303.0
642,2103,103764.0
643,2104,136809.0
644,2105,128726.0
645,2106,65528.0
646,2107,202300.0
647,2108,117131.0
648,2109,113742.0
649,2110,130116.0
650,2111,134973.0
651,2112,140680.0
652,2113,121911.0
653,2114,118896.0
654,2115,161580.0
655,2116,115176.0
656,2117,152896.0
657,2118,125856.0
658,2119,113394.0
659,2120,111502.0
660,2121,89389.0
661,2122,116533.0
662,2123,82506.0
663,2124,157898.0
664,2125,128630.0
665,2126,148085.0
666,2127,157192.0
667,2128,123009.0
668,2129,91842.0
669,2130,139386.0
670,2131,135277.0
671,2132,114645.0
672,2133,119222.0
673,2134,123416.0
674,2135,91146.0
675,2136,78855.0
676,2137,109107.0
677,2138,129473.0
678,2139,151677.0
679,2140,142459.0
680,2141,156324.0
681,2142,127102.0
682,2143,145221.0
683,2144,119185.0
684,2145,139436.0
685,2146,172174.0
686,2147,136617.0
687,2148,133420.0
688,2149,147157.0
689,2150,230393.0
690,2151,115709.0
691,2152,171116.0
692,2153,167935.0
693,2154,106622.0
694,2155,141841.0
695,2156,264269.0
696,2157,231733.0
697,2158,235439.0
698,2159,204872.0
699,2160,175808.0
700,2161,238129.0
701,2162,379488.0
702,2163,360485.0
703,2164,245695.0
704,2165,205557.0
705,2166,152714.0
706,2167,220443.0
707,2168,198348.0
708,2169,195578.0
709,2170,220978.0
710,2171,156896.0
711,2172,130733.0
712,2173,169548.0
713,2174,227365.0
714,2175,297027.0
715,2176,321285.0
716,2177,239000.0
717,2178,212267.0
718,2179,139571.0
719,2180,225959.0
720,2181,189944.0
721,2182,219213.0
722,2183,187994.0
723,2184,121234.0
724,2185,125185.0
725,2186,149218.0
726,2187,151068.0
727,2188,153029.0
728,2189,250588.0
729,2190,82605.0
730,2191,81820.0
731,2192,93283.0
732,2193,108564.0
733,2194,102525.0
734,2195,107593.0
735,2196,94594.0
736,2197,115173.0
737,2198,159795.0
738,2199,182666.0
739,2200,154076.0
740,2201,140825.0
741,2202,220569.0
742,2203,137976.0
743,2204,179125.0
744,2205,119874.0
745,2206,147023.0
746,2207,216465.0
747,2208,262485.0
748,2209,247014.0
749,2210,118932.0
750,2211,114544.0
751,2212,120117.0
752,2213,101185.0
753,2214,129219.0
754,2215,99092.0
755,2216,148736.0
756,2217,61576.0
757,2218,85781.0
758,2219,82727.0
759,2220,82327.0
760,2221,321748.0
761,2222,281872.0
762,2223,293796.0
763,2224,209815.0
764,2225,121102.0
765,2226,185508.0
766,2227,195465.0
767,2228,264771.0
768,2229,253518.0
769,2230,154370.0
770,2231,214843.0
771,2232,186621.0
772,2233,176300.0
773,2234,241076.0
774,2235,218687.0
775,2236,256356.0
776,2237,332109.0
777,2238,201176.0
778,2239,109721.0
779,2240,158701.0
780,2241,154594.0
781,2242,123476.0
782,2243,128547.0
783,2244,100521.0
784,2245,101633.0
785,2246,139409.0
786,2247,112478.0
787,2248,127809.0
788,2249,120999.0
789,2250,132107.0
790,2251,97890.0
791,2252,177657.0
792,2253,153222.0
793,2254,178272.0
794,2255,187258.0
795,2256,177081.0
796,2257,211409.0
797,2258,160323.0
798,2259,177111.0
799,2260,157584.0
800,2261,187129.0
801,2262,205369.0
802,2263,382374.0
803,2264,496208.0
804,2265,170836.0
805,2266,311720.0
806,2267,377653.0
807,2268,423316.0
808,2269,150008.0
809,2270,192581.0
810,2271,217354.0
811,2272,195330.0
812,2273,164562.0
813,2274,181728.0
814,2275,167922.0
815,2276,194506.0
816,2277,184364.0
817,2278,146106.0
818,2279,128262.0
819,2280,119298.0
820,2281,168951.0
821,2282,185804.0
822,2283,104410.0
823,2284,111728.0
824,2285,141862.0
825,2286,124188.0
826,2287,364680.0
827,2288,278352.0
828,2289,382856.0
829,2290,492035.0
830,2291,325997.0
831,2292,465868.0
832,2293,497384.0
833,2294,421058.0
834,2295,498360.0
835,2296,289320.0
836,2297,329649.0
837,2298,337891.0
838,2299,362922.0
839,2300,341128.0
840,2301,304465.0
841,2302,247529.0
842,2303,236027.0
843,2304,246290.0
844,2305,188425.0
845,2306,185962.0
846,2307,194667.0
847,2308,223285.0
848,2309,286708.0
849,2310,208311.0
850,2311,195716.0
851,2312,178324.0
852,2313,171909.0
853,2314,170326.0
854,2315,177801.0
855,2316,192211.0
856,2317,185880.0
857,2318,178922.0
858,2319,181270.0
859,2320,183271.0
860,2321,235687.0
861,2322,174877.0
862,2323,190361.0
863,2324,176386.0
864,2325,213286.0
865,2326,171820.0
866,2327,204825.0
867,2328,227591.0
868,2329,188503.0
869,2330,181682.0
870,2331,350645.0
871,2332,404798.0
872,2333,317135.0
873,2334,255049.0
874,2335,274416.0
875,2336,319318.0
876,2337,206722.0
877,2338,280568.0
878,2339,226110.0
879,2340,419330.0
880,2341,226198.0
881,2342,234956.0
882,2343,229353.0
883,2344,226546.0
884,2345,238512.0
885,2346,211541.0
886,2347,201864.0
887,2348,239462.0
888,2349,179864.0
889,2350,313542.0
890,2351,262841.0
891,2352,255422.0
892,2353,249971.0
893,2354,139875.0
894,2355,141321.0
895,2356,153103.0
896,2357,190178.0
897,2358,195398.0
898,2359,133924.0
899,2360,115948.0
900,2361,146154.0
901,2362,272627.0
902,2363,140473.0
903,2364,155763.0
904,2365,217480.0
905,2366,190329.0
906,2367,223276.0
907,2368,217047.0
908,2369,224992.0
909,2370,170452.0
910,2371,166084.0
911,2372,195936.0
912,2373,291952.0
913,2374,326434.0
914,2375,256615.0
915,2376,280879.0
916,2377,349183.0
917,2378,143097.0
918,2379,205620.0
919,2380,145243.0
920,2381,168216.0
921,2382,205878.0
922,2383,209375.0
923,2384,254453.0
924,2385,161614.0
925,2386,134297.0
926,2387,135211.0
927,2388,98167.0
928,2389,119620.0
929,2390,149721.0
930,2391,143377.0
931,2392,114649.0
932,2393,170123.0
933,2394,145381.0
934,2395,212561.0
935,2396,146968.0
936,2397,214066.0
937,2398,131391.0
938,2399,60687.0
939,2400,60448.0
940,2401,120472.0
941,2402,138713.0
942,2403,142162.0
943,2404,149244.0
944,2405,160857.0
945,2406,142255.0
946,2407,126207.0
947,2408,142485.0
948,2409,121199.0
949,2410,163235.0
950,2411,117393.0
951,2412,154684.0
952,2413,131337.0
953,2414,153854.0
954,2415,133001.0
955,2416,127390.0
956,2417,133228.0
957,2418,130615.0
958,2419,127058.0
959,2420,123866.0
960,2421,146047.0
961,2422,109384.0
962,2423,117554.0
963,2424,149330.0
964,2425,204006.0
965,2426,131079.0
966,2427,134161.0
967,2428,177727.0
968,2429,114154.0
969,2430,134492.0
970,2431,106852.0
971,2432,145698.0
972,2433,149320.0
973,2434,142595.0
974,2435,155192.0
975,2436,106247.0
976,2437,109817.0
977,2438,125332.0
978,2439,101331.0
979,2440,122173.0
980,2441,92436.0
981,2442,95215.0
982,2443,122782.0
983,2444,126372.0
984,2445,84248.0
985,2446,136548.0
986,2447,185413.0
987,2448,132440.0
988,2449,110276.0
989,2450,145128.0
990,2451,123540.0
991,2452,196817.0
992,2453,93571.0
993,2454,123527.0
994,2455,120991.0
995,2456,136586.0
996,2457,134574.0
997,2458,127606.0
998,2459,110974.0
999,2460,137138.0
1000,2461,125176.0
1001,2462,136679.0
1002,2463,121844.0
1003,2464,185140.0
1004,2465,144569.0
1005,2466,118297.0
1006,2467,131657.0
1007,2468,83092.0
1008,2469,77122.0
1009,2470,186728.0
1010,2471,209050.0
1011,2472,159526.0
1012,2473,116681.0
1013,2474,73113.0
1014,2475,224369.0
1015,2476,116092.0
1016,2477,128058.0
1017,2478,150930.0
1018,2479,105485.0
1019,2480,160174.0
1020,2481,123635.0
1021,2482,129464.0
1022,2483,112690.0
1023,2484,125842.0
1024,2485,126499.0
1025,2486,157320.0
1026,2487,174334.0
1027,2488,162190.0
1028,2489,151411.0
1029,2490,149106.0
1030,2491,91749.0
1031,2492,191426.0
1032,2493,145058.0
1033,2494,143978.0
1034,2495,86800.0
1035,2496,222255.0
1036,2497,150403.0
1037,2498,112933.0
1038,2499,87846.0
1039,2500,127686.0
1040,2501,138014.0
1041,2502,145756.0
1042,2503,94423.0
1043,2504,187649.0
1044,2505,224390.0
1045,2506,254073.0
1046,2507,291434.0
1047,2508,256346.0
1048,2509,215174.0
1049,2510,215720.0
1050,2511,173896.0
1051,2512,209623.0
1052,2513,221689.0
1053,2514,250778.0
1054,2515,152464.0
1055,2516,173266.0
1056,2517,145304.0
1057,2518,155989.0
1058,2519,232811.0
1059,2520,214707.0
1060,2521,186885.0
1061,2522,225600.0
1062,2523,122699.0
1063,2524,136908.0
1064,2525,149280.0
1065,2526,136214.0
1066,2527,116084.0
1067,2528,127931.0
1068,2529,134697.0
1069,2530,124211.0
1070,2531,253767.0
1071,2532,227020.0
1072,2533,194609.0
1073,2534,230861.0
1074,2535,304573.0
1075,2536,231957.0
1076,2537,239197.0
1077,2538,181988.0
1078,2539,185973.0
1079,2540,179217.0
1080,2541,178980.0
1081,2542,164456.0
1082,2543,123904.0
1083,2544,121862.0
1084,2545,133244.0
1085,2546,125671.0
1086,2547,139878.0
1087,2548,154051.0
1088,2549,158871.0
1089,2550,772656.0
1090,2551,140021.0
1091,2552,131397.0
1092,2553,75371.0
1093,2554,99300.0
1094,2555,121100.0
1095,2556,104602.0
1096,2557,110132.0
1097,2558,161592.0
1098,2559,136509.0
1099,2560,147554.0
1100,2561,142312.0
1101,2562,140130.0
1102,2563,155012.0
1103,2564,202442.0
1104,2565,140219.0
1105,2566,153648.0
1106,2567,134194.0
1107,2568,207818.0
1108,2569,220492.0
1109,2570,115591.0
1110,2571,188387.0
1111,2572,148361.0
1112,2573,224442.0
1113,2574,269303.0
1114,2575,128553.0
1115,2576,117044.0
1116,2577,144873.0
1117,2578,84675.0
1118,2579,63769.0
1119,2580,116594.0
1120,2581,120598.0
1121,2582,123065.0
1122,2583,286829.0
1123,2584,173556.0
1124,2585,185126.0
1125,2586,217873.0
1126,2587,200567.0
1127,2588,144018.0
1128,2589,148991.0
1129,2590,202500.0
1130,2591,209188.0
1131,2592,211220.0
1132,2593,251347.0
1133,2594,179385.0
1134,2595,202202.0
1135,2596,291674.0
1136,2597,184603.0
1137,2598,286493.0
1138,2599,337520.0
1139,2600,152812.0
1140,2601,149158.0
1141,2602,82578.0
1142,2603,91212.0
1143,2604,88527.0
1144,2605,76739.0
1145,2606,145533.0
1146,2607,208659.0
1147,2608,200019.0
1148,2609,166822.0
1149,2610,110730.0
1150,2611,122392.0
1151,2612,156164.0
1152,2613,132644.0
1153,2614,128157.0
1154,2615,154329.0
1155,2616,147540.0
1156,2617,182045.0
1157,2618,201168.0
1158,2619,200128.0
1159,2620,188658.0
1160,2621,176942.0
1161,2622,184596.0
1162,2623,241654.0
1163,2624,308483.0
1164,2625,299756.0
1165,2626,172965.0
1166,2627,165294.0
1167,2628,515333.0
1168,2629,526994.0
1169,2630,376197.0
1170,2631,498946.0
1171,2632,448431.0
1172,2633,317502.0
1173,2634,422511.0
1174,2635,158805.0
1175,2636,179979.0
1176,2637,181788.0
1177,2638,261284.0
1178,2639,184696.0
1179,2640,155095.0
1180,2641,105006.0
1181,2642,187508.0
1182,2643,100157.0
1183,2644,118455.0
1184,2645,107319.0
1185,2646,95206.0
1186,2647,102344.0
1187,2648,145677.0
1188,2649,149298.0
1189,2650,138368.0
1190,2651,139119.0
1191,2652,406195.0
1192,2653,247855.0
1193,2654,248827.0
1194,2655,408086.0
1195,2656,312841.0
1196,2657,352637.0
1197,2658,306351.0
1198,2659,304812.0
1199,2660,355713.0
1200,2661,362839.0
1201,2662,370276.0
1202,2663,282464.0
1203,2664,269860.0
1204,2665,326822.0
1205,2666,283722.0
1206,2667,166533.0
1207,2668,175220.0
1208,2669,180913.0
1209,2670,274193.0
1210,2671,183583.0
1211,2672,190012.0
1212,2673,202846.0
1213,2674,195931.0
1214,2675,171671.0
1215,2676,190725.0
1216,2677,198744.0
1217,2678,257470.0
1218,2679,269708.0
1219,2680,281710.0
1220,2681,413631.0
1221,2682,320070.0
1222,2683,551037.0
1223,2684,313035.0
1224,2685,326271.0
1225,2686,256715.0
1226,2687,330843.0
1227,2688,213188.0
1228,2689,204736.0
1229,2690,447956.0
1230,2691,188832.0
1231,2692,135686.0
1232,2693,198050.0
1233,2694,135542.0
1234,2695,191221.0
1235,2696,183578.0
1236,2697,190249.0
1237,2698,192059.0
1238,2699,174966.0
1239,2700,156186.0
1240,2701,147592.0
1241,2702,111162.0
1242,2703,122133.0
1243,2704,139921.0
1244,2705,118882.0
1245,2706,112880.0
1246,2707,124596.0
1247,2708,134143.0
1248,2709,105495.0
1249,2710,129556.0
1250,2711,286911.0
1251,2712,399365.0
1252,2713,170529.0
1253,2714,149846.0
1254,2715,171076.0
1255,2716,142199.0
1256,2717,190824.0
1257,2718,219880.0
1258,2719,156485.0
1259,2720,171994.0
1260,2721,132974.0
1261,2722,156093.0
1262,2723,139129.0
1263,2724,126548.0
1264,2725,130430.0
1265,2726,151847.0
1266,2727,179360.0
1267,2728,175781.0
1268,2729,150591.0
1269,2730,147507.0
1270,2731,130522.0
1271,2732,134095.0
1272,2733,158506.0
1273,2734,143874.0
1274,2735,136468.0
1275,2736,143333.0
1276,2737,123535.0
1277,2738,134183.0
1278,2739,158662.0
1279,2740,135472.0
1280,2741,149178.0
1281,2742,153061.0
1282,2743,153877.0
1283,2744,161777.0
1284,2745,139481.0
1285,2746,137167.0
1286,2747,141365.0
1287,2748,121279.0
1288,2749,132753.0
1289,2750,133720.0
1290,2751,136710.0
1291,2752,182247.0
1292,2753,146310.0
1293,2754,233435.0
1294,2755,132096.0
1295,2756,95841.0
1296,2757,68239.0
1297,2758,84802.0
1298,2759,163186.0
1299,2760,118966.0
1300,2761,147455.0
1301,2762,144241.0
1302,2763,176880.0
1303,2764,147269.0
1304,2765,284583.0
1305,2766,126968.0
1306,2767,91562.0
1307,2768,129874.0
1308,2769,131338.0
1309,2770,137632.0
1310,2771,110662.0
1311,2772,111861.0
1312,2773,165775.0
1313,2774,144789.0
1314,2775,112370.0
1315,2776,136398.0
1316,2777,142841.0
1317,2778,109367.0
1318,2779,117026.0
1319,2780,92796.0
1320,2781,98771.0
1321,2782,95886.0
1322,2783,97499.0
1323,2784,122530.0
1324,2785,134924.0
1325,2786,63845.0
1326,2787,124634.0
1327,2788,74096.0
1328,2789,168024.0
1329,2790,97745.0
1330,2791,111896.0
1331,2792,61791.0
1332,2793,169616.0
1333,2794,94249.0
1334,2795,122187.0
1335,2796,103641.0
1336,2797,210700.0
1337,2798,104313.0
1338,2799,116260.0
1339,2800,61523.0
1340,2801,107282.0
1341,2802,133185.0
1342,2803,165017.0
1343,2804,129104.0
1344,2805,98099.0
1345,2806,82511.0
1346,2807,164007.0
1347,2808,151968.0
1348,2809,136427.0
1349,2810,127288.0
1350,2811,161572.0
1351,2812,162429.0
1352,2813,150427.0
1353,2814,150613.0
1354,2815,98512.0
1355,2816,237484.0
1356,2817,157021.0
1357,2818,133270.0
1358,2819,164328.0
1359,2820,135885.0
1360,2821,109073.0
1361,2822,199913.0
1362,2823,360259.0
1363,2824,186340.0
1364,2825,150902.0
1365,2826,131617.0
1366,2827,133414.0
1367,2828,216662.0
1368,2829,211772.0
1369,2830,231677.0
1370,2831,175079.0
1371,2832,249483.0
1372,2833,308244.0
1373,2834,217555.0
1374,2835,217672.0
1375,2836,191434.0
1376,2837,157206.0
1377,2838,147935.0
1378,2839,175417.0
1379,2840,204600.0
1380,2841,204158.0
1381,2842,230415.0
1382,2843,151208.0
1383,2844,166023.0
1384,2845,126349.0
1385,2846,212537.0
1386,2847,206224.0
1387,2848,218119.0
1388,2849,195045.0
1389,2850,281278.0
1390,2851,215733.0
1391,2852,235867.0
1392,2853,237525.0
1393,2854,138889.0
1394,2855,200594.0
1395,2856,200388.0
1396,2857,185715.0
1397,2858,200817.0
1398,2859,115239.0
1399,2860,128314.0
1400,2861,124455.0
1401,2862,190852.0
1402,2863,127122.0
1403,2864,245669.0
1404,2865,139295.0
1405,2866,140197.0
1406,2867,97405.0
1407,2868,94341.0
1408,2869,105190.0
1409,2870,121245.0
1410,2871,82342.0
1411,2872,49909.0
1412,2873,96395.0
1413,2874,140040.0
1414,2875,113717.0
1415,2876,166256.0
1416,2877,144668.0
1417,2878,166256.0
1418,2879,135539.0
1419,2880,96617.0
1420,2881,144686.0
1421,2882,172587.0
1422,2883,194997.0
1423,2884,196790.0
1424,2885,187258.0
1425,2886,239272.0
1426,2887,93275.0
1427,2888,136422.0
1428,2889,54113.0
1429,2890,80790.0
1430,2891,135696.0
1431,2892,52633.0
1432,2893,92029.0
1433,2894,64108.0
1434,2895,337955.0
1435,2896,286017.0
1436,2897,203715.0
1437,2898,146344.0
1438,2899,207202.0
1439,2900,163340.0
1440,2901,207148.0
1441,2902,186443.0
1442,2903,329241.0
1443,2904,347848.0
1444,2905,86866.0
1445,2906,198596.0
1446,2907,112454.0
1447,2908,132561.0
1448,2909,144141.0
1449,2910,79669.0
1450,2911,82470.0
1451,2912,146630.0
1452,2913,80510.0
1453,2914,77774.0
1454,2915,85235.0
1455,2916,80780.0
1456,2917,168924.0
1457,2918,116040.0
1458,2919,218007.0
